34,39
35,30
34,38
34,37
34,36
35,29
34,35
34,34
35,28
35,27
34,33
35,26
35,25
34,32
34,31
35,24
34,30
35,23
35,22
35,21
34,29
34,28
34,5
34,27
35,20
34,26
35,19
34,25
34,24
34,23
34,22
34,21
35,18
34,20
34,19
35,17
34,18
34,17
35,16
34,16
0,566
0,561
0,558
0,557
0,556
0,555
0,554
0,553
0,552
0,551
0,550
0,544
0,543
0,542
0,541
0,540
0,539
0,537
35,15
0,535
0,533
0,532
0,531
0,529
0,527
0,471
33,301
33,300
33,299
33,298
33,297
33,296
33,295
33,294
33,293
33,292
33,291
33,290
33,289
33,288
33,287
33,286
33,285
33,284
33,283
33,282
33,281
33,280
33,279
33,278
33,277
33,276
33,275
33,274
33,273
33,272
33,271
33,270
33,269
33,268
33,267
33,266
33,265
33,264
33,263
33,262
33,261
33,260
33,259
33,258
33,257
0,461
33,256
0,460
33,192
45,36
33,181
0,459
0,457
0,456
0,455
0,454
0,453
0,451
0,450
0,449
45,35
11,7
11,8
9,7
8,14
8,4
8,15
44,4
44,3
44,2
44,1
44,0
35,14
35,1
35,13
34,15
34,14
34,13
34,12
34,11
34,10
34,1
34,9
33,180
33,179
33,178
33,177
33,176
33,175
33,174
33,173
33,172
33,171
33,170
33,169
33,168
33,167
33,166
33,165
33,164
33,163
33,162
33,161
33,160
33,159
33,158
33,157
33,156
33,155
33,154
33,153
33,152
33,151
33,150
33,149
33,148
33,147
33,146
33,145
33,144
33,143
33,142
33,141
33,140
33,139
33,138
33,137
33,136
